x = 25 * 2

